-30
4
-18
-66
-73
-65
9
-10
-1
-1
26
6
14
-42
-47
-15
-34
-3
-43
0
-52
-1
-21
-10
1
20
-18
-43
29
-1
56
-9
-34
2
-16
22
31
26
-1
-15
1
-20
-16
1
-20
-7
1
-13
-19
-39
-10
-30
14
-10
-10
38
-14
18
-2
9
-29
-14
-16
-19
17
-6
-4
-12
14
-8
-8
10
5
-20
-13
-4
-14
4
-9
3
10
-4
-8
5
21
0
4
15
6
-9
-7
16
-11
11
-22
5
-15
19
1
14
20
-2
1
-2
-5
-15
-8
5
-15
-1
-2
-10
10
14
2
13
-19
9
14
9
-1
-15
20
10
9
8
-8
-16
-7
34
3
10
-15
0
18
-4
-17
0
15
-5
-30
21
-5
-16
21
20
4
20
19
35
-4
10
-8
-19
5
-25
-8
-6
56
-4
-30
60
-40
15
-42
-23
7
10
-41
8
36
-8
-26
-13
15
14
-32
-59
-7
-46
-3
-37
-20
-57
-27
-14
-64
-35
59
-22
39
-49
-34
17
-8
-18
-31
-18
-8
-9
-29
6
28
-8
-37
-16
-7
-7
-35
-45
-29
-7
-35
-15
-40
-13
-13
10
13
-15
33
-25
30
-29
-36
46
-4
-39
-29
-30
4
16
-26
-3
27
8
4
-31
-9
9
-32
-30
-5
-27
-10
-22
43
-26
23
13
-62
-17
56
-12
42
-15
-14
1
-5
-8
2
-1
-4
6
18
-17
-4
0
8
-17
-7
-5
5
-1
-3
-2
-20
7
-15
3
10
-14
-2
-8
3
-3
40
-31
17
28
11
3
2
-18
3
8
5
18
37
-8
-6
14
-22
-3
-9
11
11
19
5
-11
-5
-11
-13
8
-7
-1
16
3
22
-19
16
16
18
1
6
-11
-13
13
-11
-12
26
-19
-28
22
-2
-5
-4
-7
-12
11
-10
-13
-11
-14
15
-21
-13
-16
14
6
-16
-7
-17
41
-8
-20
-68
-42
13
-1
-17
6
32
2
-9
-16
-8
-17
-35
-25
-20
3
-20
-8
-9
-18
-4
-18
-7
-56
32
-1
46
-3
12
22
19
-77
-2
-88
-20
-18
20
4
49
-13
6
-30
-35
-2
1
24
-67
32
-66
31
12
10
7
12
-1
-1
19
15
-13
-11
-20
18
-28
-11
-15
-8
-6
-20
-28
-19
14
17
-29
1
-12
-6
-46
-43
-6
-16
12
-34
8
-51
0
20
-7
-23
43
-8
19
-26
-10
17
2
4
1
-19
-12
-19
16
-9
-14
0
-9
-10
6
-5
3
4
-18
-14
-14
18
-3
-14
1
16
2
-13
-6
-6
12
6
-18
-27
-9
25
20
25
3
-10
-7
-4
16
-4
-10
5
5
-22
0
-27
26
-26
13
-25
2
18
-14
11
-16
40
-48
7
-3
-16
34
-15
-2
2
34
31
-5
18
1
-10
-2
5
-13
14
-4
-19
1
31
27
22
26
-16
-7
36
12
9
10
38
-53
-14
-13
13
11
3
-3
-72
2
-71
-12
16
17
-6
31
-7
-8
-62
-65
7
-3
19
-84
-9
-84
4
28
5
-15
2
-23
6
-5
-18
-6
-1
11
24
14
-42
4
-57
-7
-8
11
-18
14
-11
-22
-48
-25
15
19
28
-73
11
-48
14
21
6
-10
15
-12
-17
-12
-6
1
21
6
5
-6
-2
-4
12
-12
13
10
-10
9
10
-5
7
4
2
17
6
-5
9
17
2
-14
14
-10
-4
-5
-2
-5
-7
-14
-3
-4
11
16
-8
-9
-18
-1
-5
-20
-13
-15
-1
-15
15
19
11
-2
3
7
-1
-6
-11
4
8
-10
-16
18
-4
6
-13
16
12
22
14
15
-25
19
-27
-29
-2
4
-1
34
-1
6
-9
-21
9
4
30
-7
49
-18
2
-9
18
-12
-4
-36
-25
-10
10
-15
-8
6
-6
7
14
1
12
-17
-18
17
-17
27
20
-4
2
6
-12
-8
7
-1
-11
2
-13
-5
-7
-20
17
21
15
-15
-16
23
12
12
14
24
-64
10
-85
-9
11
6
16
23
-16
-11
-28
-51
-7
-12
15
-57
16
-59
-5
8
-11
14
4
4
10
-13
4
6
9
5
5
30
-111
0
-81
9
-20
-9
-6
47
-10
-15
-64
-104
0
17
21
-123
2
-104
27
25
-15
-22
-18
1
-4
25
-12
20
-3
18
-3
12
-91
-7
-80
2
-17
-2
-9
18
-12
-17
-38
-84
-9
23
30
-94
0
-69
22
31
1
-5
-14
-3
9
-2
-4
-8
-5
-31
-40
7
29
32
29
-15
-17
8
11
-19
4
-18
-4
19
10
-21
7
15
-22
8
-25
-8
46
-11
-12
-14
14
-31
4
-15
8
-12
19
38
-101
-13
-64
-2
-5
-4
9
41
-1
12
-49
-79
11
7
8
-81
9
-72
16
29
-3
-18
-9
15
8
-7
-24
-7
19
8
-48
-2
-6
44
33
8
-10
-15
-17
-4
13
-9
0
12
-1
-2
-5
15
15
22
-15
-5
36
-22
11
23
15
-24
6
-9
-4
5
13
17
-7
-19
-12
1
-9
12
-15
15
-7
14
-5
17
0
-1
-2
-20
5
11
8
17
-19
8
-14
-13
4
20
11
11
-19
8
5
-5
-75
20
-84
-11
2
-12
7
29
-13
-11
-29
-62
-14
-23
-7
-73
16
-74
1
-7
12
-19
13
-2
1
20
10
8
-8
-20
58
-16
-44
-52
-44
-5
-16
0
-2
54
-21
1
-24
-22
-3
-15
-7
-23
1
-34
4
-18
6
-7
5
19
-35
23
-9
55
-10
-14
29
-7
-26
-63
-1
6
4
15
-13
44
-18
9
0
5
3
-47
-31
9
4
-15
1
-6
-24
-5
17
17
-61
14
-11
26
-19
-19
-10
-24
13
2
33
15
1
-19
10
15
-7
-26
-10
-10
15
-1
-35
20
-1
0
-20
-9
37
-17
-5
-28
22
-26
-9
5
0
-5
-16
9
1
8
-15
0
2
6
-17
-9
-4
-6
-20
5
13
-7
-17
3
20
-11
1
12
6
-13
-19
-10
-10
-2
8
-13
-7
8
-4
9
16
14
10
3
18
1
17
5
-17
-7
-9
17
-3
15
13
8
-13
17
11
-19
2
16
3
-17
9
-13
2
-13
-13
25
12
15
15
-4
6
-6
11
4
-10
20
11
-34
-22
21
-6
16
-15
-10
-1
5
21
-3
-18
-20
9
0
-5
5
-8
37
-2
-44
49
-53
-8
-105
-15
-12
-1
-34
3
3
9
-50
7
-7
-5
-31
-69
-7
-65
-25
0
-22
-63
-11
-24
-44
-65
34
17
13
-45
-41
50
-34
1
-64
-23
9
-21
-18
4
5
-16
-20
-30
4
-20
-31
-31
-12
-41
-16
-24
-28
-33
4
7
-11
-45
40
7
23
-33
-37
20
-6
-31
-42
-12
0
14
-1
-16
2
-7
-22
-28
1
1
-35
-48
5
-14
-25
-33
34
-75
-14
17
-30
-30
32
-6
14
-46
0
7
-18
-17
11
0
-14
-10
-19
11
8
-19
-18
-6
2
-21
5
-3
0
16
-2
-6
-3
-4
4
-16
-25
-25
14
13
24
5
-1
1
17
17
32
-12
-5
-8
22
-10
19
16
-18
9
-14
-11
12
-6
-6
17
12
-20
25
-11
2
-7
14
-21
2
-6
18
-19
-22
2
6
-33
2
-50
3
12
-2
8
6
-9
-26
-53
-8
-17
-32
-9
-44
14
-33
-24
-1
-19
7
-4
-11
-17
4
-15
8
-19
-35
42
-27
-18
-38
-34
8
3
0
4
31
-17
-20
-33
-14
-9
-38
-17
-31
-20
-16
-21
1
-3
-15
-13
-23
-44
43
-16
39
-23
22
-3
32
-56
8
-89
0
10
9
-17
32
2
3
-77
-62
-2
-6
24
-83
8
-55
-7
14
0
-18
-2
13
9
18
15
-1
-19
-30
37
-19
-13
-39
-10
20
5
-24
13
4
9
-12
5
-4
-1
-30
-65
-21
-40
-14
-12
4
-51
13
-3
-45
-69
35
13
30
-14
17
17
-5
3
-17
-14
-17
2
17
-2
-12
4
-11
8
6
15
-1
5
-16
-6
-7
1
-19
-12
1
5
4
-21
14
15
17
-15
-50
-19
-23
23
13
14
7
14
-2
-4
9
-5
-20
20
19
3
-1
-32
15
-19
21
-14
2
52
-3
4
9
29
-24
-14
-7
-8
17
-31
4
25
56
38
14
-8
0
8
3
0
3
11
12
-18
6
16
3
7
18
2
-7
53
-2
-7
19
30
-45
-14
-13
9
8
20
11
-44
13
-42
19
16
-19
-18
42
-15
4
-38
-32
5
-23
10
-51
8
-50
11
23
5
14
10
-20
-14
3
16
0
-3
18
2
33
-40
-11
-60
16
10
-5
-23
20
-18
2
-61
-26
-16
-13
1
-38
23
-63
-1
1
6
-15
0
-7
4
2
6
20
10
5
-3
-9
11
9
19
19
-13
-6
-15
-3
7
1
-6
-5
-9
7
-2
-4
-2
-2
-16
-19
-4
-13
15
-14
9
-8
19
16
16
10
-10
4
14
-10
-14
7
1
17
14
10
-3
-7
-9
-11
-10
-6
4
-14
7
5
-10
-6
-5
19
4
-14
14
2
17
14
-6
12
26
1
8
-2
4
1
-8
30
-21
19
-7
-2
-5
-6
16
-8
33
-14
47
-2
-41
-4
34
-13
-5
-3
-12
10
21
9
-26
-11
6
3
16
-2
3
5
14
-9
-5
1
-10
7
-7
-20
13
3
9
13
-4
-1
-7
3
-5
6
13
19
16
-22
-4
1
7
-9
21
14
-127
-8
-114
-6
-12
12
-9
26
-18
-8
-65
-111
-5
6
6
-114
-10
-112
-19
11
-10
6
13
-22
5
13
12
-20
-14
3
-13
0
-37
-7
-66
1
-23
14
-1
50
-22
20
-23
-20
6
2
7
-21
1
-50
13
17
8
-15
-20
4
-10
3
-5
-9
-10
-1
22
36
-45
11
-54
2
-18
16
8
49
-4
16
-3
-49
-19
-11
-2
-27
33
-68
-1
9
8
-29
2
12
-9
14
-1
-15
19
-33
-23
-26
30
53
21
-24
15
-28
5
-3
-18
-18
24
-5
6
-1
-12
24
-23
21
15
-25
52
-22
-3
-15
16
-47
-11
11
-9
26
22
38
-68
1
-66
-15
11
30
13
45
2
23
-2
-31
-12
-5
10
-70
37
-52
-7
23
-8
-17
-12
13
3
10
-14
5
-14
6
-33
10
24
39
1
6
-7
-10
6
-9
-5
-11
-7
18
2
15
15
16
24
21
-4
11
42
-7
-19
-3
33
-26
-7
-14
-8
5
-8
-4
-13
0
12
-4
5
-1
-18
19
-2
-16
8
-14
16
17
6
11
16
5
11
2
-10
8
-1
14
-7
19
11
1
2
-19
22
-2
-55
-11
-58
-18
3
-4
-5
48
-10
-10
-51
-35
-10
-18
14
-47
3
-29
16
-15
6
-12
-2
-24
0
-7
17
-2
-16
-28
54
-5
6
-25
17
-13
7
-21
8
36
-10
8
-8
-16
19
-30
-6
-5
-16
-24
17
7
-14
12
-17
20
-48
10
-1
55
2
-23
29
2
-34
-48
-40
-2
3
-4
12
26
-16
-24
-21
-36
0
-8
-11
-41
0
-38
-12
-21
-14
-8
6
3
-31
24
-7
58
-18
-42
-26
4
-7
6
7
-2
-18
-14
17
-5
-22
-11
11
-13
-22
-12
-23
18
-24
16
11
2
27
10
-17
-8
17
-22
13
-22
-44
4
15
-10
-23
3
-28
-8
-13
-4
-3
-4
-7
10
10
-20
-16
15
14
-6
5
6
16
-32
-5
5
-8
13
15
-3
7
22
-12
-14
6
-2
8
-1
3
6
10
6
-8
-1
-10
-1
-6
-8
-1
2
-11
-4
15
13
-6
-19
-5
-8
-2
1
-4
-12
9
-7
5
6
24
13
8
1
-18
0
-3
-19
6
22
-7
-31
2
8
8
30
13
-14
15
-2
13
8
6
-11
-10
-13
-23
17
-23
52
2
-44
50
-42
-3
-47
-24
1
-10
-18
-13
35
17
-36
9
4
12
-25
-42
-15
-35
-9
-19
-23
-83
8
0
-44
-29
46
10
24
-45
-4
50
-31
-33
-64
-52
1
-7
-23
-26
36
11
-16
-9
-28
6
-53
-7
-41
-24
-49
-11
-20
-11
-23
-21
10
-30
27
4
29
-30
-38
42
-37
-26
-75
-3
-10
-3
-16
-2
4
18
-29
-23
-19
-8
-17
-49
-21
-17
-28
-15
-21
-70
-2
-13
-10
-36
25
2
17
-47
19
-20
-12
-25
-19
-4
-17
12
-1
-1
-11
-9
-11
-4
-26
3
10
10
-6
-5
-24
11
-9
-14
10
17
-3
-19
19
11
29
-28
-11
5
26
-17
4
-16
5
16
22
16
37
-16
9
8
13
7
-6
-5
5
0
-7
-15
-11
9
17
-13
-30
-4
14
5
12
8
-2
-7
-8
27
39
14
8
-17
-1
15
16
15
-4
12
14
1
7
14
11
28
33
-8
14
4
-5
-14
-8
-17
9
14
-12
13
10
33
-16
-21
-55
-38
-16
-10
0
-9
24
3
-31
9
-13
-5
-24
-9
-27
-14
-52
-12
-14
-30
8
-10
-17
-53
11
-3
33
-16
7
-7
14
-27
-6
-31
-8
-4
0
0
30
-16
8
-6
6
-5
-2
10
6
2
-16
23
39
30
-9
1
21
-17
24
-3
-10
21
-23
35
-30
-18
-33
-14
6
-15
-15
7
18
-15
-14
5
13
7
-53
-20
18
-14
7
4
-19
-44
-10
6
-27
-42
19
-9
20
3
-7
-6
-7
-12
20
1
5
14
6
8
-6
-10
-17
11
8
6
-17
2
17
-5
1
7
-18
13
-18
-15
9
-9
11
-8
14
8
-16
-38
6
11
34
-3
-17
-2
-13
7
-9
-18
-3
-17
13
-17
-14
-19
23
-25
-2
11
-28
20
-17
-19
-12
40
-39
-20
6
-12
22
-37
15
5
40
5
2
-15
19
-14
-19
-17
-16
14
18
8
-11
24
6
2
21
-3
-17
39
-1
6
20
24
-15
-19
-26
2
16
11
20
-40
24
-67
-12
-18
0
4
44
-1
-3
-46
-30
-20
3
29
-57
20
-54
21
6
8
9
3
-5
5
31
-12
1
12
22
6
35
-54
12
-78
-12
12
20
-22
29
-16
-2
-34
-56
2
7
14
-84
0
-70
24
-6
-15
-6
-6
21
-13
19
1
12
17
-1
-1
-16
7
-12
17
12
-7
-13
7
17
16
9
-19
15
-4
-12
-1
13
-9
-13
4
-8
5
11
19
14
-20
11
-16
12
17
6
-5
-7
-12
10
14
2
14
-15
5
-13
0
-16
4
-1
-4
-4
-15
14
-9
-14
18
-4
-19
5
18
9
-4
10
17
-16
15
6
-2
9
10
15
0
-21
-2
1
-16
30
16
8
-13
4
13
-8
34
15
39
12
-3
-1
21
-5
10
-17
4
-5
-10
-23
-2
-6
22
-11
16
15
-6
-3
7
-14
-6
0
-18
18
9
5
18
-6
-14
-6
10
-6
16
19
11
-5
3
10
19
-7
-18
0
-5
15
13
6
-54
4
-82
-3
-13
13
8
18
-3
-13
2
-37
-10
7
2
-31
11
-73
12
6
-7
-8
-20
-13
11
4
-19
-22
5
-14
13
3
-63
3
-68
8
-10
0
-3
22
6
-1
-58
-49
-14
23
26
-71
34
-65
26
2
8
-23
-13
19
-2
14
1
10
-6
2
0
19
-94
-13
-128
-7
8
-2
-15
20
-8
-15
-107
-78
0
-11
35
-75
13
-116
11
10
-18
5
0
8
19
28
-8
8
22
9
-15
2
22
42
36
-6
5
-4
7
-8
0
-2
24
18
13
-10
5
21
-15
26
13
-10
50
-15
13
3
11
-55
6
-6
-34
-11
-15
4
-78
2
-90
-20
-21
3
9
47
2
-9
-63
-50
-19
27
26
-89
1
-79
39
34
-12
-2
-14
22
-19
18
-20
9
8
35
-50
2
7
52
7
-13
-20
-8
-3
3
-12
6
-7
-4
-17
-5
14
-1
5
17
-5
17
58
10
14
7
24
-50
-26
-10
15
-8
3
-18
15
4
-12
-14
-6
1
-8
10
-17
-16
-11
11
3
3
-4
13
-4
11
4
6
-20
-8
-2
7
-18
-1
-13
-7
19
11
-17
14
-53
12
-72
0
-5
6
1
35
2
-4
-83
-59
15
12
-2
-61
27
-70
24
4
10
1
16
-15
-15
28
-13
-3
-7
11
47
5
-37
-57
-41
1
6
-15
7
39
8
-24
8
-2
-1
-15
2
-18
-19
-34
-6
-1
-4
10
-12
11
-49
18
-5
27
-11
3
22
-5
-30
-44
-31
0
-1
13
6
23
-11
-29
-6
-20
1
-6
-33
6
5
-29
18
-21
-38
9
-14
27
-67
49
8
24
-9
-34
4
2
3
9
0
15
-18
-25
9
4
15
0
-8
1
7
-23
-27
-12
-18
2
8
-36
45
12
11
-9
38
-19
2
-13
-6
-6
-2
8
-20
-5
-29
-6
0
-5
-1
7
0
-9
-38
-8
-19
15
-5
-45
11
-34
4
-8
-6
-1
15
-19
13
0
4
8
-10
-1
-16
8
-10
5
-25
-6
5
15
14
-10
-6
17
4
-19
6
9
-6
-12
-1
-4
-9
9
14
14
12
-7
4
11
-5
17
8
14
15
-2
15
-13
-20
-13
-11
9
9
-1
8
-37
-13
10
-12
27
-10
-22
-12
-7
4
2
-23
-5
-4
18
20
4
-8
51
2
-49
12
-49
-13
-92
-40
3
-5
-45
0
11
-19
-50
0
-6
3
-39
-54
-24
-64
-27
-32
0
-68
-20
-16
-67
-52
23
-4
-8
-33
-28
22
-28
4
-58
-35
-2
13
-36
4
44
15
-20
-21
0
-15
-31
-29
-20
-33
-23
-31
-18
-20
1
-2
12
-46
15
-4
39
-45
-41
35
-3
-20
-84
-21
-16
17
-18
-5
9
13
-2
-18
-23
18
-9
-44
17
-42
-4
-7
1
-101
-8
15
-20
-31
40
-5
0
-43
-13
13
13
-15
-12
-3
-9
8
-17
-2
-22
13
-7
6
8
-3
-9
-13
-20
5
-9
4
6
-1
-20
10
-25
-26
-10
-19
23
-11
14
13
33
-11
3
-13
17
-11
12
-9
34
10
13
-5
1
-18
-24
5
-4
30
17
6
-2
11
8
16
-5
-16
27
18
17
11
-4
-9
-10
-20
10
-16
-11
-19
2
14
0
12
-4
-36
8
-19
-7
-10
-20
9
-17
-2
-1
-4
-11
-16
-1
2
24
-1
-13
-30
-17
14
-30
-17
-46
-27
-1
12
-15
6
22
6
-24
0
12
1
-25
-2
-4
-28
-7
-20
-5
-40
4
12
14
-63
21
-9
45
-20
9
-12
7
-63
-12
-72
1
16
4
10
17
15
-19
-50
-66
-11
19
5
-49
12
-76
15
25
-19
9
-1
-7
-8
13
-15
-13
-4
-36
36
-18
-28
-57
-13
-13
0
-29
5
8
-14
-25
-28
9
-17
-35
-56
-6
-43
-28
-29
-15
-81
-15
5
-40
-50
42
-6
9
-36
11
5
-10
8
6
-17
-17
1
3
-18
11
10
-17
-12
-14
14
6
6
-18
-5
9
-12
6
4
-14
7
14
12
-2
-13
6
-8
-12
0
-2
8
34
4
-3
-7
-30
-5
-5
-19
9
-3
14
4
9
-29
3
-7
25
-3
-34
26
-7
-1
-21
31
-36
-7
11
-27
10
-43
11
20
51
14
-16
-10
10
13
16
-24
5
12
7
14
4
26
-1
19
10
-14
3
39
10
-12
0
20
-33
4
5
28
11
7
16
-42
-15
-23
-8
-10
-10
16
19
2
-16
-22
-37
12
-11
-2
-12
16
-23
-15
-3
11
-3
15
-12
-6
28
2
8
-11
9
4
23
-69
-17
-72
1
-3
5
5
22
4
-20
-68
-57
-13
18
28
-64
3
-46
-4
13
-1
-21
-13
21
14
31
-13
-12
7
-3
14
3
11
12
8
12
-11
-6
-9
10
2
3
9
16
-3
-9
-20
-20
16
-15
-14
-20
-19
14
-19
-8
-21
-16
13
-3
7
1
5
-14
10
-10
-7
7
-3
14
-5
11
15
-15
14
16
14
-10
-3
19
14
1
4
-18
-12
-10
-9
6
10
5
-2
-7
-1
-4
22
5
11
6
-16
-15
-14
14
-4
45
-20
-3
12
9
16
-9
16
16
33
2
-5
22
10
-1
-2
-13
-14
17
-10
-13
-19
0
-13
-12
-18
9
-8
-14
5
-7
7
-5
-14
14
1
15
-8
-2
17
14
-14
15
8
-13
8
5
-13
4
13
-14
13
10
15
4
-4
8
-108
6
-103
-7
11
-11
7
41
-23
6
-123
-128
-11
-13
-9
-128
-14
-113
-1
-2
5
14
14
5
-13
33
7
-12
-14
24
-8
26
-57
13
-46
-6
-28
1
-4
10
-16
12
-61
-36
19
16
8
-45
34
-50
2
42
-1
0
7
15
-4
26
-14
18
-13
-13
19
35
-81
-14
-86
1
-6
17
-3
10
14
8
-72
-90
8
22
20
-102
15
-89
21
32
3
0
3
6
-3
22
-5
-6
17
-25
-31
13
-1
54
3
5
14
-13
-25
9
-23
3
22
22
-16
-23
-7
16
4
31
-6
1
39
-16
-15
-31
25
-53
-4
-6
-4
-5
9
17
-82
5
-83
-21
-4
3
-7
22
-4
7
-51
-64
-8
16
10
-91
38
-82
-3
41
-18
-18
-9
5
-4
0
-22
1
19
28
-48
-5
29
38
21
6
4
4
-23
-19
1
-1
3
6
9
-1
-3
32
25
7
0
9
53
-10
-12
-7
41
-59
-14
17
6
-4
2
-18
-18
-14
6
-1
12
-2
-17
-3
-5
-12
-8
-17
-4
-8
-9
-4
-10
9
-18
17
-15
-4
15
-7
-18
-4
13
20
5
-4
9
-5
-22
-10
-29
10
11
9
-12
21
10
-7
-40
-12
-13
5
14
-44
3
-42
-4
4
-19
-4
-11
-16
-23
-2
14
7
-18
6
32
-28
3
-40
2
-17
-21
-24
-24
61
-14
-9
18
0
-19
-18
5
25
-20
-2
11
-28
-25
11
-1
-1
-44
15
-19
52
-30
