21
-10
-3
8
8
-5
-31
15
-12
5
-28
-16
-9
12
-16
10
-4
-14
-5
40
43
18
-6
51
-31
6
1
0
7
14
-8
15
17
13
3
13
1
-10
4
-8
-7
10
15
7
-1
-6
-6
-7
-10
5
14
13
-4
7
6
-4
8
1
-20
-2
11
-6
12
9
3
1
-19
1
-15
12
18
-20
-19
10
19
-2
-4
-22
2
-5
17
8
-25
20
54
26
-12
3
16
-8
-25
13
-15
-25
4
-17
-19
-8
-21
-18
5
-20
-19
9
-1
-12
-8
-13
2
2
1
9
2
-20
19
54
5
-11
-22
-18
40
-35
-3
-37
-24
12
-14
-26
-34
1
-3
-13
-14
3
11
12
5
0
5
-4
-15
16
-7
-5
-18
-13
1
19
49
-10
10
-92
5
-14
-2
-11
2
5
-26
-4
4
4
-18
-19
1
10
-5
-4
-14
-21
-1
-21
4
14
12
-5
2
12
2
-11
16
19
5
12
0
8
-2
-4
-4
0
-8
-14
23
23
-20
-14
0
10
-18
-5
2
39
-25
-4
-4
1
-19
3
-5
10
21
12
-4
46
-2
42
-15
29
-5
-29
7
3
-24
45
18
-9
-9
13
-7
0
-4
-10
13
40
-3
-15
-10
8
11
20
-14
-16
13
21
45
-24
0
-51
-3
25
-12
-29
-1
8
-23
-2
-4
10
-15
18
-5
-5
38
12
0
17
-9
4
-1
-6
5
-10
-12
-3
17
0
60
-4
1
-3
24
25
-18
6
-23
-8
-3
-3
7
-9
4
-21
-16
5
4
1
-21
0
18
2
9
-13
-6
-3
-14
-7
-18
-9
-5
-2
8
13
-7
-7
-15
10
10
13
16
1
-1
20
10
27
-16
-57
-15
-21
-8
-9
-21
-9
-13
2
-7
5
-1
-14
9
48
30
14
-43
-45
-36
17
6
-28
-22
11
-20
16
5
3
0
10
-2
21
-6
16
-18
4
-11
-13
8
-9
-20
-17
-2
-8
7
18
40
-3
-15
-15
10
-7
-6
0
11
-14
15
1
-12
-4
-17
-2
-8
-28
-23
16
-12
12
-33
-5
-15
-13
-8
7
4
-19
-6
25
16
-9
-11
-39
-30
36
10
-37
-26
2
-42
14
23
-13
-1
-18
-13
-17
-29
4
4
13
-17
12
6
-23
14
2
-7
-22
16
46
-6
-15
-44
-36
-58
18
4
-42
5
18
-42
4
-11
-14
-17
-34
-6
-34
-10
-14
-10
-1
-29
1
-3
-21
5
3
-20
-12
11
39
19
-13
3
-24
19
-26
-7
-34
2
-8
-14
-29
10
-12
-21
10
-15
-4
-3
6
-18
13
-15
-6
-16
-14
-13
13
-19
-11
-11
42
28
-7
0
-4
23
10
-9
-24
-26
-3
-2
-13
4
-13
-8
13
7
53
8
-15
-12
-1
33
-3
-6
-22
-17
-21
-14
6
14
11
10
15
11
3
7
19
-9
35
-9
-7
31
6
15
0
-20
-22
-5
6
-27
16
7
31
-9
-19
-13
-8
-2
-5
3
-25
24
6
15
-4
-2
23
-3
9
-5
15
-25
27
-20
29
10
4
15
16
14
-4
-48
-4
8
41
-32
-5
0
5
6
-12
0
-5
33
-34
-14
21
25
20
-57
44
-17
-11
-1
30
-18
29
56
36
-20
16
-18
-21
-18
12
10
26
-19
8
8
-1
2
-22
-7
-12
44
-27
-6
45
20
40
-13
23
-16
-12
15
7
-8
57
8
13
-2
-4
-20
-39
-32
-5
12
-2
-32
6
-3
-1
-17
-26
6
2
6
45
15
16
-38
-74
2
35
3
-26
-20
8
-37
-19
-9
-17
-20
-16
-16
17
12
-10
-16
-19
-9
-7
-18
-20
-24
14
-3
10
-15
-10
-5
-8
13
-3
11
10
-8
-2
-25
2
-20
11
38
2
-16
9
2
4
-50
0
-5
48
12
-10
1
12
-21
11
7
-20
18
-2
28
32
6
84
-40
5
-3
6
-3
25
11
20
-4
15
5
14
-7
31
15
2
9
12
24
-5
10
15
3
6
-7
-20
16
4
16
-9
-2
16
9
19
6
16
6
-12
3
-15
-5
13
-12
-16
11
3
-28
9
-7
26
15
-14
-11
-1
-11
2
-2
-26
30
29
3
-14
24
26
9
19
-24
26
-20
20
-2
5
11
16
17
-15
-11
-12
-2
7
-6
-3
-14
1
1
-10
14
2
-9
-13
6
-10
-28
-12
-5
-10
15
6
1
-3
8
10
-11
17
36
24
4
8
-12
3
0
10
-10
22
20
4
7
-9
12
2
13
-1
9
-7
-19
29
15
30
3
28
-1
-5
-2
-1
-12
20
4
7
11
5
-19
5
-20
1
14
3
21
0
1
12
7
-19
9
-17
-17
-4
-9
-20
9
-6
-32
-19
-21
31
7
4
-3
4
-5
-6
-8
10
-19
5
-12
-7
9
1
27
-19
-14
-19
4
2
11
-2
-5
12
14
0
3
3
-26
-16
6
31
11
-9
-2
-3
11
13
17
6
-8
-22
-25
-13
-1
25
-24
9
10
-22
-16
-7
-17
-14
14
-16
-19
31
-2
44
-32
26
7
-6
-22
23
-17
23
-19
9
-3
3
-8
-52
-22
-18
-14
-9
-42
8
-2
-19
14
2
-13
-4
18
57
27
0
-41
-76
2
0
9
-26
-27
14
-24
-7
30
19
13
-23
-3
20
-15
-9
3
20
13
-9
-9
5
-19
-3
12
-4
9
-4
12
8
31
13
-30
2
7
6
-8
28
3
24
-7
-29
-19
-23
2
-19
-11
6
-19
1
-22
9
11
-4
-20
13
11
8
-4
16
10
-11
2
-96
-23
14
-17
-11
9
13
-40
-13
3
9
-24
-12
-13
-11
-2
0
17
-9
4
-3
-1
-24
16
-5
-19
11
-11
-18
14
-15
-5
-14
-10
4
-3
-6
-1
11
5
10
-15
-2
-14
-11
-21
11
17
6
-13
3
4
6
16
-8
-23
-13
-13
-21
-17
21
68
-24
-13
-31
-2
6
-6
-12
6
-26
2
-24
8
-24
-14
-9
-13
-57
-23
8
-19
0
-47
-7
14
5
-14
12
-23
1
9
48
10
-43
-45
-38
5
-34
-22
-28
27
5
-69
-22
0
-44
-10
-18
3
-17
3
7
6
2
7
-1
-12
-6
11
2
13
-11
-3
39
63
-11
-27
-43
-11
21
-7
-4
-21
-8
20
-1
-21
1
15
3
-22
-14
3
16
9
-7
-6
-16
-18
-25
6
12
-22
12
-14
-12
39
9
2
10
6
13
-9
-6
6
16
16
-23
13
-7
18
12
-16
-6
-23
-3
-1
32
-19
8
-4
-2
-10
-5
-7
-19
33
-7
-24
2
22
48
-22
7
-5
13
-18
8
22
19
9
-12
2
19
10
-5
-34
9
3
42
-16
-5
21
-16
2
-14
15
-5
14
4
54
-32
-23
-24
-25
7
-3
16
-4
13
23
8
-7
-14
10
17
12
-29
25
-20
-7
36
15
-13
-9
0
15
12
5
9
10
-2
93
-18
-45
-43
12
16
0
-5
28
24
39
23
6
-6
-27
-11
-13
8
-17
-7
-16
1
-12
10
14
-14
7
-18
-1
-20
-6
-13
9
-16
0
10
-26
22
-6
-4
-1
-7
13
7
12
-3
5
-24
1
-29
-1
-8
-19
8
-5
-10
-3
-11
8
-19
-4
-3
-3
24
-3
-33
0
-31
-9
-29
-3
-4
13
13
15
-5
-5
3
13
1
-10
9
-18
1
6
19
-1
-3
-14
-14
-1
-5
12
-12
1
-15
49
-3
-8
-5
-7
-7
-18
-1
-19
8
8
1
-21
-25
-6
3
1
-18
-34
1
-10
11
1
7
-13
-13
-17
16
-16
-19
11
8
23
-18
-9
24
-16
-20
-21
-28
-16
-3
-10
-27
-16
0
8
-8
-14
-8
2
-5
-3
11
-13
2
7
-8
1
-13
11
10
19
6
8
-16
14
20
-9
-34
16
-33
-13
-21
-2
-27
-1
-6
11
-25
-27
-67
-44
1
-3
-22
-56
-17
-13
-4
-1
-10
11
9
-5
47
20
-19
-50
-27
-2
-24
10
-48
14
-6
-65
-17
-7
-2
16
2
7
-42
-46
-21
12
34
-30
-17
4
-23
-5
5
5
0
7
16
58
3
-29
-68
-12
19
-6
-35
14
3
-16
16
-15
9
3
15
10
37
-4
-8
9
-9
21
-18
7
11
10
-5
-16
-20
-19
5
4
13
0
17
-30
-12
-12
23
-8
18
8
-20
13
-28
-17
-2
-18
-35
-17
12
-18
3
-2
-17
-21
-1
-15
2
4
-10
0
7
-19
-35
1
30
-28
34
-12
-15
-25
9
-4
26
27
-2
-4
-12
2
2
-13
3
-7
42
-24
-11
-14
6
6
-10
4
12
39
-15
19
-26
-9
44
-62
38
7
-12
-34
39
-10
56
40
1
-4
1
0
6
-29
10
9
37
-11
3
-1
-16
-2
4
-13
11
33
-33
-10
16
20
47
-23
50
-7
-45
-28
36
-16
46
-2
-26
0
-12
8
-57
-38
9
-7
-13
-16
16
5
-1
-2
8
4
-12
16
20
12
-48
-52
-16
-5
-39
-22
-5
-9
11
0
-15
-5
13
8
8
-1
-6
-4
8
-2
-6
1
4
-1
5
-14
15
14
18
-12
-21
-21
-12
-3
-12
-23
9
0
14
-13
7
13
-7
3
-1
-20
14
-10
-11
-10
-8
7
50
-21
5
7
-22
14
-1
-19
15
36
11
35
8
-5
4
-23
22
-11
-25
-2
22
-1
17
18
24
-23
3
-9
24
10
-20
-17
-3
1
3
10
-5
-20
-5
-19
-4
6
-14
1
15
-11
0
-26
9
-15
-4
-23
22
17
16
-5
-39
-5
-36
-24
3
-14
10
6
30
2
-16
5
-22
14
-17
-17
-25
20
15
-8
-37
-12
24
-32
-5
1
-29
0
6
20
27
2
-12
1
8
11
-18
18
-9
-18
-7
2
-20
-3
2
-14
3
-9
9
18
-1
-1
-11
-24
2
-3
-3
15
-15
13
18
-17
2
-10
-17
1
-25
-20
-8
16
3
-19
27
26
-11
-11
-10
-10
-19
-4
-6
7
11
-7
18
28
39
-12
16
0
11
-26
8
3
-11
-12
-20
-23
8
-5
8
0
-15
-5
-11
-9
6
0
-13
-9
-18
3
-18
-9
-12
18
-9
-22
-2
-45
16
-7
7
-10
13
1
0
3
-1
-15
-13
-10
-25
-6
10
-14
-15
-15
-13
4
-14
-10
10
6
-7
-19
22
49
-10
-31
-53
-2
1
-2
20
-22
12
-7
16
31
-14
2
-18
-5
-32
-5
-17
-9
17
-30
2
-1
9
-6
-22
-10
-2
42
-21
-16
4
-14
45
-93
20
-10
-38
-27
25
-17
38
-3
-10
1
-22
-7
-50
-26
3
5
5
-16
10
-11
3
15
-9
-2
-11
18
23
10
-30
-33
-25
-6
-36
-17
-8
-3
14
-9
1
11
-37
-2
-6
-10
11
13
-10
14
26
18
10
15
10
-14
-8
-16
0
39
-37
15
-26
-3
41
-47
22
-20
3
-35
16
3
30
22
-18
-14
33
6
-9
-33
-12
-14
13
-20
-7
-11
-12
8
-1
3
5
36
27
-5
-11
4
43
-32
30
-16
-22
-14
-14
-5
15
-5
-14
-1
-18
8
17
-5
8
-9
17
8
-7
-21
5
9
1
9
-5
-12
5
-13
9
0
-10
-19
-1
0
16
-10
-7
9
16
9
-1
3
25
-20
14
-6
-5
19
14
21
-4
-14
-13
9
-10
8
-13
-5
3
0
-6
-27
-5
-13
1
-16
8
-6
14
-19
0
-7
-49
-18
-31
-1
-32
-18
-22
-11
-34
-5
12
8
0
-14
7
14
5
-39
34
23
-17
-33
-74
30
-5
5
-33
-8
-35
-41
-10
12
9
-19
-2
-2
-6
19
1
-17
8
20
12
7
-23
6
-18
4
1
45
11
-3
-27
-4
-65
11
19
2
-10
1
21
17
51
13
-14
-5
3
4
10
16
14
-17
18
-9
3
-9
-11
-24
-10
14
-1
-15
-3
-15
-2
-5
2
19
-16
-14
16
-13
10
-18
-15
48
9
-23
37
-14
-11
-41
9
3
33
-16
12
15
-9
-10
-18
12
-4
42
18
-15
36
14
64
-26
-6
-6
-23
-5
2
12
16
14
43
-2
36
-11
-14
11
12
-14
45
8
-18
22
-4
-13
-22
0
-13
26
-33
-9
-13
-7
-31
-15
25
-19
-5
1
40
4
44
15
30
0
41
-8
-26
19
-4
-20
20
-15
14
11
1
-16
-12
-4
-11
45
-63
11
-19
-15
-32
-21
46
11
11
19
34
-24
23
14
16
9
-4
-15
22
-13
-1
14
17
18
1
3
-13
5
-6
6
-7
-14
13
-2
-14
-23
5
-4
1
-5
-12
-16
20
4
-7
3
-10
12
-4
15
-27
-34
7
13
0
-33
6
-8
-6
-8
-20
-5
14
4
58
9
-3
-19
3
-40
0
-1
-35
-25
-18
-39
-26
8
2
-2
-5
-1
14
1
14
12
0
11
-21
-13
-24
13
1
5
15
12
-21
-17
-13
-25
-4
13
-8
7
3
-25
10
-9
-3
27
-10
8
-7
-16
-46
-11
-5
9
2
-51
-13
-11
10
-18
-21
-16
-3
-29
38
-14
-17
-28
31
-23
8
2
-76
9
-2
-46
5
18
-2
13
11
6
-44
-16
-16
-8
-18
-39
2
-10
-7
7
-13
-4
-19
-29
30
-10
1
-43
33
-34
4
0
-72
16
-2
-54
1
-34
-40
1
1
-21
-39
-15
12
11
-18
-16
0
9
10
-9
-24
7
6
-32
32
-2
-3
-27
-63
40
-6
5
0
-19
-28
-15
-3
14
38
10
12
-5
1
-17
18
-10
51
-6
17
-20
9
1
7
14
-17
23
43
-3
-28
10
4
-7
38
-14
-31
-1
29
-7
48
-1
4
-27
-15
-5
33
15
6
1
0
4
6
-12
5
4
3
3
1
-1
-12
-24
-17
15
-15
-6
-6
3
33
6
-7
32
14
-23
-22
-5
14
-21
-20
-6
2
18
26
-24
-10
7
10
10
-14
7
0
-6
43
-8
-24
-18
-99
4
17
-17
10
0
13
-45
-11
19
11
20
0
-3
-4
-3
-17
-16
31
-4
-2
-4
-5
4
-17
1
-17
43
-33
-101
-15
-10
-72
7
34
-9
-8
-4
31
-70
11
40
38
9
46
7
-11
-58
1
-19
58
17
-21
16
-1
-12
-27
-2
20
26
-30
-35
60
29
63
41
39
1
-9
13
34
1
51
25
-14
13
-8
-19
-62
-9
-21
-19
-14
-43
-2
-3
-19
-11
3
-19
-3
-34
50
30
-18
-67
23
-10
-2
-2
-48
-4
-37
-41
3
11
5
-17
12
11
10
-11
7
2
0
-7
-13
-21
-15
-5
-9
-2
-12
-10
19
-23
13
6
-1
1
-9
13
-17
1
-13
-1
-17
16
21
-1
44
11
7
-26
-24
14
34
-18
1
7
-20
-12
8
-16
-1
51
-47
-13
15
9
70
29
20
14
-22
4
28
-12
10
11
-6
-9
9
-5
9
16
-10
-15
4
24
-17
-2
-20
-1
-3
-11
-9
4
-21
-9
-16
14
-10
-3
-11
-10
3
-23
7
15
2
7
-9
-6
7
5
-16
6
1
-5
24
-17
2
-17
0
-7
-16
11
-2
14
23
2
-32
-25
-85
11
3
8
3
-3
-4
-9
-15
-10
10
-2
19
14
14
20
14
6
-2
10
-6
-5
-16
-1
0
4
1
14
-3
-17
-3
6
25
15
-5
-19
-13
-19
-16
15
-16
38
28
-10
15
-26
29
24
8
-11
40
20
2
-7
5
3
-15
-13
-9
23
-11
-37
32
9
36
17
1
3
33
12
7
9
32
-4
2
-12
7
3
1
14
9
-13
9
13
-5
-13
-5
-19
8
-19
5
12
1
-24
8
-15
-18
9
-5
-4
15
4
6
-29
7
-18
-9
7
12
5
6
12
13
-10
12
4
1
-14
-5
5
-19
-3
3
15
-9
2
-10
-29
14
36
4
-1
-10
-13
-14
-6
14
1
-5
1
29
-17
-31
0
-10
-11
13
-20
-8
14
-15
10
2
2
16
38
-58
-78
-5
-4
9
41
36
-16
-25
-20
29
-42
11
22
-18
-4
-23
-15
-61
-17
11
-6
-18
-47
-19
-1
-16
15
13
-11
-1
-27
52
38
-24
-69
7
6
0
1
-56
-15
-8
-57
-31
6
10
-6
12
-13
-9
16
15
-8
5
-10
-16
9
-14
-2
8
-19
-9
14
-40
-75
-9
-15
-90
43
15
-6
-13
-22
26
-43
-12
15
35
-12
25
15
-4
5
11
-17
17
16
-19
-1
3
-19
14
0
-10
43
-2
-6
-47
-4
-72
-33
35
-15
6
-6
39
21
48
-11
7
-2
-8
-18
12
-7
2
-5
8
-10
0
-11
5
-18
16
5
5
4
-30
-19
12
-6
-8
13
-7
-8
-16
-1
5
19
10
0
13
-13
-3
4
10
14
-12
8
13
-2
-22
-18
-12
-10
5
-12
-12
33
11
-12
-30
-7
-26
-86
18
10
20
-5
25
-1
12
-21
-29
-20
17
2
-82
-21
15
6
9
-64
6
-8
2
11
11
12
1
-27
52
28
-42
-55
-61
8
-16
-15
-51
18
0
-64
-20
32
-19
5
13
-12
15
19
-9
-5
-1
8
-16
-13
11
-7
-6
7
5
24
30
13
-59
1
-8
-5
31
-12
-8
2
-10
2
29
-1
15
-11
7
11
-5
16
-13
0
-5
7
-22
1
-6
5
4
7
-11
2
0
0
-18
1
2
8
-11
-2
9
-18
18
-12
13
-6
5
-26
8
-16
-10
-14
-19
-12
12
-4
16
0
10
8
-6
8
-14
33
-12
-18
-24
-10
-100
-2
11
-10
-14
-10
9
-26
-10
41
5
-7
17
6
-3
-28
-21
-3
15
-28
9
21
1
1
-23
5
-14
36
-34
-3
-14
8
-10
-44
55
-6
-2
-15
1
-10
51
53
-6
9
24
-7
-10
14
15
10
11
-16
15
14
4
3
8
15
-7
41
-60
32
-25
6
-24
-62
32
-11
-7
-11
13
2
48
26
21
-22
-15
5
26
0
-2
-4
17
7
-18
-4
-16
-4
-21
-15
-24
3
-4
-9
-1
-26
14
-6
17
-23
-2
15
-14
6
-10
-13
-30
-4
6
17
-16
-31
10
-13
-7
6
-20
18
-5
-5
-9
-8
2
-31
-1
2
-13
-2
10
-3
6
-15
-19
-17
5
-14
-4
-6
-12
2
-14
-5
14
-10
3
-20
-17
4
-10
-22
-13
5
16
7
4
0
0
-9
-25
9
-1
-9
-6
4
-13
-25
-6
-6
21
-19
-10
10
5
-16
-12
-20
4
-8
-18
3
-15
-3
-11
4
15
14
-17
-15
26
1
-32
5
-25
-5
-24
10
-24
13
-33
-39
-7
-19
-36
10
-24
11
-29
-19
-12
-12
-6
-33
-10
13
0
-15
11
-4
-1
-21
12
6
1
-27
-56
-16
10
13
-34
-11
-6
-23
-11
-24
-10
12
-5
-24
-73
-36
-15
13
-21
-67
-19
-9
5
-17
-11
-19
14
-14
63
28
-10
-54
-24
4
14
-16
-59
20
-9
-75
9
24
13
-12
37
-8
-16
-21
-16
1
27
-39
-2
-1
-24
2
-18
-20
9
27
35
30
-47
-4
-41
-11
34
-21
-12
7
17
-27
40
-9
-8
-22
-10
0
44
2
0
-15
-2
18
7
-15
-3
5
-20
-18
-26
-8
-13
-3
-15
12
-18
-16
-10
-9
33
-1
-17
13
-2
15
-26
6
15
5
-27
-40
-1
17
38
-11
-1
-11
4
-22
7
-9
2
30
-4
-45
-9
-43
-12
26
-6
-4
-32
28
26
-4
-2
33
-7
13
25
-16
-12
-18
1
4
33
-1
-17
1
-18
7
-23
4
16
40
-48
-97
6
-24
-29
28
41
9
9
14
22
34
43
1
23
0
26
-13
10
-39
-17
14
46
-27
-1
-9
-7
-22
-12
14
0
40
-9
-17
-24
-9
-76
52
34
1
-2
18
35
8
38
-19
-12
11
-15
-14
-44
-33
-15
-20
-27
-17
-16
-22
1
-2
3
2
-19
-43
24
16
-30
-9
-40
-13
-21
-23
-14
-2
-25
-22
-15
-5
9
-9
16
-9
24
12
8
5
-8
-3
-3
-1
-11
10
-8
-4
-9
11
-19
-18
11
-14
4
-14
19
5
1
-19
-1
2
15
26
26
-3
39
3
14
-8
-11
9
55
3
-5
-12
14
-13
-15
-16
-5
40
-55
-56
-9
2
-37
0
51
-21
-9
22
24
8
43
6
-13
-19
-21
-16
33
-17
-12
-17
7
19
-10
-14
13
10
11
-8
-2
18
-3
1
4
14
17
-16
3
-25
15
-24
-4
-1
11
19
-25
16
-6
-19
-26
-8
-19
3
21
3
-10
14
-16
-11
-8
-12
8
29
8
-51
-31
-45
-43
32
4
9
-11
10
19
22
28
-15
-3
-19
11
-10
15
-7
-6
-8
-18
13
-6
-16
6
0
9
13
13
-4
-23
-5
-9
-28
9
25
13
-19
12
14
19
-4
7
6
3
-6
-18
-14
-7
16
6
19
0
18
-9
-4
-11
4
-14
14
-9
19
-21
-20
-8
-21
-102
24
-6
-12
32
-10
19
-21
-7
-11
-20
-15
-15
-26
-16
-16
-4
17
8
-4
1
8
7
13
-15
1
11
1
-45
-35
-3
-11
-19
10
-12
19
10
2
-19
-18
-19
-5
-9
-17
-4
2
4
23
13
-6
20
15
16
-19
11
4
9
-16
-8
6
-18
1
5
-1
-40
-1
13
7
-10
13
-3
5
-8
21
-22
-5
23
0
-27
-14
-16
8
33
15
-20
-1
-5
-23
-1
-6
-20
43
-53
-85
-24
-39
-41
48
10
-2
13
10
31
37
45
-14
-32
-6
-11
-20
-39
-31
-10
18
-6
-33
-13
-21
-19
2
-9
-3
-2
-12
20
4
-45
-40
-89
-13
5
5
-40
-16
-37
-51
-15
1
-35
11
23
6
-9
-12
-9
-11
10
12
-12
-15
-12
7
-16
-8
-4
30
-58
-75
-28
-51
-24
39
19
-4
18
4
0
54
19
