-63
69
16
48
-5
2
-64
95
-42
-29
73
-24
40
60
33
24
-31
61
3
9
36
-32
10
34
82
72
39
21
-36
70
28
25
-74
15
62
-9
60
-45
-63
-60
69
-22
41
67
40
-57
62
63
-22
15
27
63
48
-41
2
-25
64
-38
29
28
33
40
-12
-74
17
42
-60
25
-20
44
10
-4
7
8
30
37
43
-72
-20
-16
-48
-5
21
-44
29
71
50
-76
-21
-15
-50
-1
-5
-72
65
-21
-61
-71
74
-56
-29
0
-66
-61
58
-34
75
-65
-10
34
-67
2
-78
-13
77
22
-12
-12
-55
0
15
-35
-68
-68
-59
8
4
-103
-57
36
43
-69
-29
67
-4
-52
61
52
-31
-55
-9
-5
12
-48
-51
49
33
24
13
-68
-4
38
37
-77
-29
51
65
27
58
45
-56
7
43
5
-39
-38
0
51
93
-38
-8
-67
0
62
55
27
-27
63
8
66
47
70
17
-42
64
53
42
-27
-49
-31
-74
2
43
20
-94
-98
-19
76
-58
10
35
29
39
-38
17
-56
55
40
-1
54
-13
72
-19
-59
16
53
80
-65
62
-61
39
-25
51
29
46
-31
4
49
-88
-22
29
41
-60
-15
-37
-12
-60
36
-19
-27
79
-14
54
-3
-102
83
-68
34
63
-54
9
47
-12
25
16
-19
-59
46
31
56
-70
8
-36
-87
14
37
12
30
-60
73
38
37
56
-10
-91
-5
-83
56
-25
-6
-15
-64
-29
-31
-48
-73
-14
70
69
12
55
22
-7
12
68
57
-13
-23
35
-37
20
-7
-34
-17
89
69
6
-70
-21
-48
-46
6
-28
-17
41
53
-52
1
66
-56
70
-48
-64
75
20
-33
1
14
-36
17
-13
72
-9
69
-75
-67
-65
-36
-67
25
28
58
10
-65
30
33
25
-15
48
20
-18
-25
67
-42
-23
-67
30
10
59
10
57
61
-64
38
-79
53
-12
-8
-42
-42
-38
-3
-73
-17
-67
-11
40
-51
36
4
56
-56
39
-54
55
-74
4
-7
-66
-68
-22
-20
67
-18
35
-27
23
11
-77
-20
58
-8
-60
29
-5
9
50
-10
-64
-14
-86
-16
35
35
-45
-9
-76
79
19
-92
-69
40
-70
-52
-17
-67
14
-57
59
0
20
-64
-38
-66
87
-81
36
35
40
8
23
-51
-22
-21
-41
20
-28
-66
-71
50
-62
-16
50
17
-13
-56
-84
15
-52
21
39
-5
48
-2
22
-56
46
-128
73
-25
6
-43
10
-60
30
69
10
-46
35
54
40
45
-30
-46
-52
35
52
-16
-27
-18
57
-40
4
-77
-14
-19
-34
-15
-59
-17
77
51
-14
-3
-86
77
12
-30
73
27
-8
22
-72
-61
6
-49
-23
-22
-60
85
-73
-55
-21
-71
-23
-62
6
-70
56
-33
-88
-67
-49
-52
65
-20
-1
-28
-19
-28
-71
72
8
60
56
-69
90
94
-19
47
-49
-61
10
2
-4
15
6
75
-87
12
88
-69
-10
0
6
18
20
-87
-74
27
-38
-29
-13
-48
41
1
54
-48
-16
50
9
-9
-18
22
48
-62
78
-2
-50
62
62
7
-68
30
-9
16
-14
13
-37
38
9
-52
27
-59
-66
58
65
-92
-2
-70
30
79
28
90
-53
-10
-37
-87
91
-45
-28
-15
5
-13
82
30
-48
-29
-13
4
-20
86
77
-15
-50
-68
22
-3
34
34
-76
42
-54
-72
31
42
-39
23
9
37
-85
3
0
60
-7
-12
30
64
-2
71
-70
41
-66
65
-20
6
24
70
57
54
1
-72
66
12
-69
52
-14
-40
-8
60
78
42
58
-59
1
-45
57
-51
67
-26
19
-22
17
63
-40
-66
-5
-20
12
-33
-68
-46
21
7
-14
-49
-64
-56
58
43
45
5
41
30
61
-60
29
-64
35
-48
-74
-64
-1
-84
65
-5
-26
57
-82
-5
-48
51
-40
71
-49
-48
54
-7
-28
-37
59
-10
75
-11
-55
58
1
37
-14
-26
57
55
69
37
-29
45
4
92
49
34
-74
50
-6
75
-12
-35
-93
69
8
-17
12
72
10
-61
74
-24
-51
9
31
59
51
77
-54
-41
-28
-48
-11
14
-50
9
72
-17
-15
1
-34
-10
67
10
-6
53
1
-71
-10
52
27
-72
-67
3
33
14
-19
10
-28
2
-78
-60
-69
-19
67
35
19
-54
43
-41
-44
-20
-10
63
45
-1
35
12
-1
-60
50
-64
42
61
-20
-69
-9
-73
-43
63
-74
24
-51
-65
-19
-24
-65
-78
-67
-37
-71
61
-54
-68
-7
61
-77
-22
44
-3
-74
-27
-19
22
15
59
32
84
13
-67
57
25
-87
24
83
-44
-20
43
-11
-20
31
12
58
50
-11
-61
-60
49
57
77
-50
46
-10
-4
27
-92
-65
-78
-56
3
11
34
-42
30
-77
61
-69
-48
-55
61
-44
16
17
-65
54
58
24
49
-67
-47
64
65
-35
-91
-41
57
-39
33
24
84
-26
69
-41
37
55
31
42
49
17
37
-69
-62
-17
-15
-32
43
-8
37
3
12
-51
33
58
-43
85
-61
73
30
19
-50
-54
-5
16
-2
-80
-67
-66
-68
-47
-58
-14
27
99
62
-75
74
-61
-5
3
-70
-30
23
20
-49
48
-82
-71
16
-16
59
35
-19
32
-99
1
-72
-46
-38
-53
26
10
-44
-27
-41
114
-47
-84
-19
-103
79
-43
-23
-31
-55
-13
-26
44
-28
-41
20
