5
11
18
4
2
0
5
4
30
0
0
49
4
3
26
0
0
4
4
5
73
3
0
18
4
4
23
0
0
4
20
4
1
5
17
1
4
0
1
1
28
0
0
47
1
1
28
0
0
1
1
1
69
0
0
11
1
6
15
0
0
1
11
1
12
10
14
10
0
0
12
10
12
0
0
24
10
8
11
0
0
9
10
12
42
8
0
15
9
0
11
0
0
10
12
9
11
8
15
9
0
0
11
9
12
0
0
26
10
8
11
0
0
8
10
11
44
7
0
15
9
0
9
0
0
9
10
9
17
10
15
14
0
0
17
14
13
0
0
27
15
11
12
0
0
13
15
17
50
11
0
16
14
0
13
0
0
14
14
13
2
11
20
2
2
0
2
2
33
0
0
53
2
1
29
0
0
2
2
2
77
1
0
18
1
5
22
0
0
1
19
1
21
10
16
17
0
0
21
18
13
0
0
28
18
14
12
0
0
16
19
21
53
14
0
16
17
0
15
0
0
18
16
16
11
10
16
9
0
0
11
10
13
0
0
27
10
8
12
0
0
9
10
11
45
7
0
17
9
0
11
0
0
9
12
9
9
8
15
7
1
0
8
7
12
0
0
24
8
6
11
0
0
7
8
9
40
6
0
15
7
0
8
0
0
7
9
7
6
13
20
5
1
0
6
5
33
0
0
54
5
4
28
0
0
5
6
6
81
4
0
19
5
4
26
0
0
5
23
4
