127
-128
127
127
127
127
127
-128
127
-128
-128
-128
127
127
127
127
-128
127
127
127
127
-128
-90
127
127
-128
127
-128
-128
-128
-128
-128
127
-128
127
127
127
127
127
-128
127
-128
-128
-128
127
127
127
127
-128
127
127
127
127
-128
-106
127
127
-128
127
-128
-128
-128
-128
-128
18
-128
127
127
127
127
127
-128
127
-128
-128
-128
121
127
127
127
-128
127
127
127
127
-128
36
127
127
-20
97
-128
-128
-128
-128
-128
39
-128
127
127
127
127
127
-128
127
-128
-128
-128
127
127
127
127
-128
127
127
127
127
-128
20
127
127
-40
122
-128
-128
-128
-128
-128
18
-128
127
127
127
127
127
-128
127
-128
-128
-128
108
127
127
127
-128
127
127
127
127
-128
28
127
127
-20
85
-128
-128
-128
-128
-128
127
-128
127
127
127
127
127
-128
127
-128
-128
-128
127
127
127
127
-128
127
127
127
127
-128
-122
127
127
-128
127
-128
-128
-128
-128
-128
9
-128
127
127
127
127
127
-128
127
-128
-128
-128
86
127
127
127
-128
127
127
93
127
-128
33
127
127
-11
71
-128
-128
-128
-128
-128
33
-128
127
127
127
127
127
-128
127
-128
-128
-128
127
127
127
127
-128
127
127
127
127
-128
18
127
127
-34
105
-128
-128
-128
-128
-128
48
-128
127
127
127
127
127
-128
127
-128
-128
-128
127
127
127
127
-128
127
127
127
127
-128
16
127
127
-48
127
-128
-128
-128
-128
-128
127
-128
127
127
127
127
127
-128
127
-128
-128
-128
127
127
127
127
-128
127
127
127
127
-128
-103
127
127
-128
127
-128
-128
-128
-128
-128
