0
0
9
6
0
13
0
24
6
0
51
0
0
22
24
0
27
19
6
0
14
7
6
34
34
0
0
0
0
41
13
11
0
0
3
2
0
11
0
28
14
0
64
0
0
35
32
0
9
26
15
0
25
2
5
38
41
0
0
0
0
51
17
4
1
3
23
19
0
0
0
0
4
1
4
7
0
26
0
0
43
0
13
0
8
32
0
1
5
0
0
0
0
4
0
8
1
3
22
18
0
0
0
0
5
1
5
6
0
26
0
0
40
0
16
0
10
30
0
1
6
0
0
0
0
5
0
8
1
3
26
21
0
0
0
0
4
1
4
8
0
29
0
0
47
0
14
0
9
36
0
2
6
0
0
0
0
5
0
9
0
0
6
4
0
14
0
28
7
0
58
0
0
27
27
0
16
22
8
0
17
3
6
38
39
0
0
0
0
48
15
6
1
3
28
23
0
0
0
0
5
1
5
9
0
30
0
0
52
0
16
0
10
39
0
1
6
0
0
0
0
5
0
10
1
2
23
18
0
0
0
0
4
1
4
7
0
26
0
0
41
0
13
0
8
31
0
2
5
0
0
0
0
4
0
8
0
2
20
15
0
0
0
0
5
1
5
5
0
24
0
0
34
0
16
0
10
26
0
1
6
0
0
0
0
5
0
6
0
0
9
5
0
14
0
27
6
0
55
0
0
24
25
0
26
21
6
0
14
6
6
37
37
0
0
0
0
45
14
11
