14
18
39
1
12
1
0
0
10
0
71
0
0
0
1
0
9
31
1
30
1
21
36
13
0
0
11
6
26
0
14
7
15
27
46
0
4
0
0
0
12
0
86
0
0
0
0
0
11
36
0
34
0
26
44
5
0
0
14
2
37
0
20
8
5
15
16
2
13
3
0
0
4
0
42
0
0
1
1
0
4
13
2
12
3
9
15
15
0
0
6
8
16
0
16
3
6
17
19
2
11
2
0
0
4
0
47
0
0
1
1
0
4
15
2
14
2
10
18
13
0
0
7
7
19
0
17
3
6
9
19
3
16
4
0
0
4
0
37
0
0
1
2
0
4
15
3
14
4
10
17
18
0
0
6
11
13
0
8
3
16
20
45
0
10
0
0
0
11
0
79
0
0
0
0
0
11
35
0
34
0
24
41
11
0
0
13
4
30
0
14
8
7
6
20
4
18
5
0
0
5
0
33
0
0
1
2
0
5
15
4
15
5
10
18
20
0
0
5
12
11
0
4
3
6
14
18
2
13
3
0
0
4
0
44
0
0
1
1
0
4
14
2
14
3
9
16
15
0
0
6
8
16
0
15
3
6
20
19
1
9
2
0
0
4
0
51
0
0
0
1
0
4
15
1
14
2
10
17
11
0
0
8
6
22
0
22
3
15
13
42
1
15
2
0
0
11
0
69
0
0
0
1
0
11
33
1
32
2
22
39
15
0
0
11
8
23
0
7
8
