44
0
0
43
0
0
19
14
10
0
0
0
0
11
31
0
37
7
42
44
0
17
9
9
0
0
0
41
38
0
11
11
59
0
0
60
0
0
29
6
4
0
0
0
0
17
44
0
18
3
58
22
0
26
10
3
0
0
0
52
53
0
4
4
21
0
0
18
0
0
7
20
20
0
0
0
0
4
13
0
45
15
19
52
0
7
5
17
0
0
0
21
16
0
20
20
23
0
0
21
0
0
9
18
18
0
0
0
0
5
15
0
42
14
21
49
0
8
6
15
0
0
0
23
19
0
19
19
23
0
0
21
0
0
8
22
22
0
0
0
0
5
15
0
50
17
21
58
0
7
6
19
0
0
0
24
18
0
23
22
51
0
0
51
0
0
22
11
6
0
0
0
0
13
36
0
31
4
49
37
0
20
10
5
0
0
0
46
44
0
6
6
24
0
0
22
0
0
9
23
23
0
0
0
0
5
16
0
52
18
22
59
0
8
7
20
0
0
0
25
19
0
24
24
22
0
0
20
0
0
7
20
19
0
0
0
0
4
14
0
46
15
20
53
0
7
6
16
0
0
0
22
17
0
20
20
24
0
0
22
0
0
9
16
16
0
0
0
0
5
16
0
37
12
22
43
0
8
5
13
0
0
0
23
19
0
16
16
48
0
0
46
0
0
20
14
10
0
0
0
0
12
33
0
39
7
46
46
0
17
10
8
0
0
0
44
41
0
10
10
