-67
22
5
20
-11
11
-92
7
5
-3
-16
-86
5
10
12
-92
-10
7
10
18
7
10
-19
-17
-17
22
2
-121
-6
-17
-16
-18
-52
-16
-24
-6
7
17
-20
12
16
-33
-16
-50
-4
-4
-21
-15
-22
20
1
-3
-9
-7
-16
5
-29
-4
-1
-55
10
-8
-10
-18
6
8
-11
-6
15
19
25
-12
8
-2
-7
24
-6
2
-9
8
15
18
1
13
3
-4
-3
0
9
14
13
-10
11
-10
6
6
-71
17
3
-12
6
11
-85
13
21
-19
9
-92
-20
2
-8
-88
-7
8
-14
19
4
-19
5
-13
-18
-8
-27
-53
26
-23
-10
12
-9
8
12
-14
12
2
-1
13
-3
4
-15
5
-3
-8
6
-4
-5
-2
22
20
-1
21
12
-3
-19
-7
-2
-7
8
20
-11
-5
29
19
-18
-17
-6
-13
12
36
12
15
-18
12
4
10
-7
24
-20
23
72
-34
-4
-18
11
-14
5
-2
-2
19
17
49
10
2
7
8
-14
-34
-12
-13
12
-10
-31
24
-1
19
-12
-16
7
-6
4
22
42
-58
-56
-10
7
-6
-25
-29
-14
11
-18
44
-11
5
5
-14
-15
-17
6
7
6
15
-19
12
14
2
16
8
6
-6
-2
-5
-7
15
-4
1
18
19
11
-11
-8
11
1
-18
6
-5
-14
19
4
-14
2
7
12
17
15
9
8
-7
16
-5
8
-15
-13
3
7
-10
6
-16
-17
-3
-9
-11
14
-10
-18
1
-2
15
-85
11
-3
-2
-7
17
-69
35
17
-20
-4
-128
-13
-12
13
-57
3
17
-8
15
14
0
10
4
-25
1
17
-100
23
15
-21
-1
10
1
-8
-39
-4
10
20
6
0
21
4
35
-29
-6
-10
25
-23
-9
62
-50
-37
-14
-4
-3
-8
4
-7
23
6
28
-20
10
14
-16
8
6
7
14
11
18
-1
-16
3
9
-4
-10
-16
10
5
8
-10
10
-15
-3
12
-17
-8
-17
-13
11
-6
-18
-3
1
-4
0
-11
3
7
-7
7
9
9
-14
-3
15
11
0
-1
-6
-3
-10
-1
15
-20
10
-7
-18
-28
8
-4
-10
-20
17
5
-8
9
-7
-10
-8
4
2
17
7
-7
-18
-8
9
4
7
-6
4
11
11
-9
7
-5
0
15
-16
-17
-19
-16
18
-7
-4
-20
5
-17
1
5
-3
-18
-4
-12
1
-4
-15
-8
2
8
-17
9
-21
-2
-16
-13
0
-15
-8
-18
16
1
7
-20
1
-13
7
-12
16
1
8
18
3
19
-9
4
-9
6
-15
0
-12
-9
9
-3
-7
16
1
-1
24
21
13
3
-10
10
-11
14
18
11
17
0
-9
-7
18
-11
-1
7
-8
6
-5
-5
6
10
4
1
1
2
20
-2
-4
19
-18
-20
-13
19
-7
10
-10
-6
-11
9
14
12
18
-2
-2
2
-14
2
-14
-3
6
12
2
-13
17
15
-13
-19
2
-11
-8
-14
-10
-7
-5
15
0
-7
3
-7
14
0
5
-3
-13
-77
18
2
21
6
15
-54
38
-4
3
-11
-91
-15
-1
1
-62
6
6
10
10
8
14
-16
14
-26
11
14
-92
27
7
5
9
-40
-17
12
17
0
15
-42
-10
-28
36
-12
-37
59
15
-9
-45
3
-40
-35
-12
37
10
4
44
10
73
34
-73
-8
-33
10
-1
-54
-5
-22
80
-6
41
-70
3
-37
-15
11
-61
39
21
-22
-63
-2
-3
-25
86
4
2
-25
24
-28
51
34
-70
9
-11
15
-7
-90
1
-5
18
8
18
-61
8
9
-28
-16
-100
-2
-27
-4
-39
-6
8
-2
4
17
4
-21
-15
-2
8
-21
-114
14
-4
-5
7
26
-9
-22
-22
-13
-8
7
-7
-17
-2
16
3
8
-8
0
-15
-2
19
29
-40
-15
-7
-15
-3
-28
-30
-11
16
-11
25
-2
-6
-84
-4
-10
-20
-20
-23
-95
5
21
-14
14
-128
5
-1
-31
-81
3
-16
22
-8
-8
-21
3
13
-19
8
32
-101
12
-4
10
-18
1
-23
1
28
-6
-19
-1
-10
-14
30
0
-8
43
4
-2
-29
-2
-17
-65
3
1
-4
7
23
-18
21
38
0
-10
-88
-11
-3
-8
7
7
23
-10
38
-11
34
8
-26
13
-30
-13
16
-10
-36
2
33
-14
4
16
-12
-21
1
-15
-15
-9
-41
0
-3
-18
12
22
-9
-10
-16
-10
0
2
-19
-19
17
9
-11
13
14
17
-7
-1
8
-18
-16
-12
-7
-2
3
20
-3
-14
23
9
4
1
-2
18
6
-10
-43
2
12
17
23
-28
3
-8
23
2
-4
-2
17
-8
-3
56
-35
-15
-3
-29
-4
7
-24
5
14
-7
36
-1
-18
-11
-4
-13
24
-2
21
2
-9
-6
-11
-6
-11
14
12
-2
14
6
9
-1
18
14
-10
-12
33
-17
11
17
-7
18
-1
7
-6
-52
6
-4
11
-16
33
-59
35
2
-17
0
-77
-20
-12
1
-39
-23
24
13
-3
-13
-11
5
-4
-6
4
8
-87
11
-4
9
-21
1
-7
-10
-28
-7
-7
3
-1
-11
-12
-11
19
9
-14
11
4
-9
23
53
-27
-42
0
-15
3
-18
-17
-3
24
-11
37
-1
-20
-52
25
5
27
-19
23
-48
12
-14
-28
-15
-115
-2
-14
-21
-31
8
20
-20
21
11
-7
-7
-4
-10
15
12
-91
1
-16
-16
7
-88
1
3
15
0
-10
-55
22
10
-38
10
-121
28
12
-17
-46
-5
-2
11
-23
-20
-10
-16
-10
-7
-18
-5
-88
19
-22
11
-5
-54
-13
-28
21
8
7
-33
23
-8
-25
-14
-84
16
-1
-11
-44
9
20
-10
-23
-19
-16
-1
-26
-20
-18
-22
-27
-1
-25
14
-21
14
-13
13
8
4
-18
7
-11
-8
-6
13
22
-12
18
-16
3
-9
15
-8
-5
9
-16
-1
6
-10
-10
9
11
-8
-4
-19
11
-33
-3
-8
-9
-16
-15
-36
15
14
-29
-14
-91
-24
-21
-18
-18
-12
25
5
10
6
-5
-13
10
-30
-7
7
-39
-7
-12
-7
-16
-17
20
7
1
10
-14
8
-11
-9
13
-18
-12
9
15
7
-11
-15
-16
22
17
0
23
9
3
-7
18
-6
15
5
14
7
-12
30
4
4
-14
-8
6
4
22
1
5
-6
30
-23
14
18
5
-26
27
65
-19
1
-2
-21
-12
-9
2
-4
34
21
46
-20
-5
2
-7
2
-49
18
14
0
11
1
-7
18
17
-18
-4
-4
13
1
-3
12
-33
-16
-8
-18
-13
-6
-6
8
-5
-15
33
-10
-13
-5
14
-21
-12
13
17
8
-6
-2
-9
-5
-20
-20
-6
6
-20
9
6
10
-19
17
-5
-8
11
-2
14
13
-4
-1
12
1
12
14
-13
-3
-19
-15
-13
-3
4
4
-15
19
19
-12
13
15
-18
-13
-5
-15
-9
-11
12
-8
9
-3
16
9
5
-17
0
-15
-11
-63
18
4
-1
-9
2
-55
25
5
-6
4
-107
-13
13
5
-60
-9
36
11
-16
-13
-2
7
-16
-16
-7
4
-73
13
-6
4
-13
18
-6
-23
-5
-8
-16
20
-3
-14
14
-7
36
4
-5
-11
1
9
24
68
-26
16
14
-9
5
4
-24
18
23
-11
37
-13
-4
6
1
18
-16
-19
-16
8
19
9
14
-14
3
18
-9
12
-11
-19
21
1
-7
-1
10
-17
3
3
4
16
13
-4
4
19
-2
-9
10
2
15
18
-3
7
-5
16
-3
15
12
14
-12
18
-8
19
18
-1
-1
11
-21
14
-4
-13
11
-10
-14
-19
20
-6
-11
7
-19
-9
14
-12
-21
-17
-7
-10
18
3
7
-18
12
4
11
-8
-11
12
17
15
6
-11
17
16
12
3
-1
9
11
5
4
-9
13
6
-13
0
8
-12
-2
-13
-12
13
-11
-15
-9
-3
3
-9
2
14
-18
2
-20
6
16
18
8
18
13
10
7
-11
-15
-1
16
0
19
5
18
-2
5
10
4
11
-5
-7
1
6
10
-19
-3
8
6
-1
-4
-1
-1
-3
6
-19
-5
-18
-3
-13
12
-12
6
14
5
12
11
-17
-9
-5
-9
9
-1
-9
-13
-11
-3
-19
-14
-2
-18
19
9
-10
-12
4
-12
-8
4
12
-9
0
18
-16
1
-14
-9
15
-15
-17
-1
5
0
5
-9
19
-11
0
-19
14
-14
5
-15
9
8
20
12
13
23
-4
-6
6
13
-20
-9
-70
30
3
27
6
11
-70
8
3
-9
-12
-114
18
-13
12
-59
-17
28
-6
-27
-11
-3
-8
-11
-17
11
3
-103
3
-9
-19
11
-8
-18
-1
4
-5
9
-9
-16
-32
32
-8
-29
38
-15
-2
-31
1
-44
-26
-4
16
9
9
53
12
61
11
-60
13
-46
-20
-13
-68
-26
-6
79
19
29
-46
3
-12
9
-2
-85
35
-15
-16
-69
-15
-22
-32
72
21
-3
-13
25
-59
55
31
-78
-26
-17
-1
-10
-76
1
-17
-7
-1
7
-70
31
10
-28
-14
-104
27
-8
12
-47
3
-4
-20
-12
-3
14
6
18
-9
-9
2
-70
-8
6
5
16
-1
-11
6
-34
-29
-1
-10
31
13
-17
-2
30
-6
5
-3
-9
9
27
42
-26
-18
1
-16
-5
-32
2
-2
-6
0
20
1
3
-57
-3
14
-7
16
27
-19
27
-9
-19
18
-85
24
-2
5
-35
16
5
9
2
-12
-15
-17
31
-27
-3
18
-39
-9
13
-20
-18
-44
-19
-8
31
-8
0
-27
-1
-19
9
15
-40
34
-20
-7
-32
-16
-46
-56
-6
-17
-18
-20
22
-5
23
31
-20
13
-58
5
11
-63
19
-9
5
14
13
-48
30
-9
-14
-18
-115
5
-3
12
-52
-3
30
-17
-3
8
-12
-4
-21
-36
11
-9
-79
13
7
-25
-16
15
9
1
-10
3
9
-3
-4
-11
-18
6
13
-4
-10
4
-9
15
-8
6
-15
14
17
4
8
2
-8
-17
5
-9
0
-16
-7
22
-18
-19
-10
-26
-3
17
-7
5
-13
-18
42
-26
-6
12
29
-16
-10
62
8
8
-9
9
6
-1
-7
-5
27
-2
60
-7
-4
1
-29
-2
28
0
-9
-10
-15
1
-21
17
4
8
-6
22
9
7
3
-12
45
11
12
-11
16
-24
22
-4
-2
14
-8
2
6
-31
23
3
-10
-8
3
-9
12
-13
-14
-12
-88
13
-13
-14
-14
7
30
-17
-28
-18
1
2
-5
-2
17
-18
-66
10
-25
-18
0
14
3
13
2
-1
3
4
20
-18
-3
15
19
-25
-3
-7
14
6
22
59
5
-19
8
-20
-22
-30
-3
-5
12
-10
47
3
-9
-92
-10
-7
28
4
-5
-89
28
-19
2
11
-114
9
9
9
-46
-9
0
-12
-23
7
-23
7
17
-19
-17
-3
-92
16
16
-22
10
-71
8
-15
3
-6
11
-99
27
23
-29
16
-71
11
-12
9
-116
-19
16
-20
22
-18
-13
-18
-5
-6
19
-13
-79
24
7
5
15
-81
15
-5
24
7
11
-122
25
-2
-10
-10
-91
-5
-9
-6
-111
-12
13
3
24
-4
-5
3
7
-31
1
8
-69
6
5
-6
4
-6
4
-1
-14
-17
20
6
-14
10
-5
-3
-11
-14
-19
-7
-3
-16
-21
21
-14
-16
15
-9
2
7
-11
-3
15
-17
-6
-1
3
-77
-8
4
6
-15
38
-73
10
-8
6
-5
-79
8
2
-9
-66
17
34
3
17
-4
-12
-17
-10
-11
17
17
-44
-5
2
2
-16
-13
0
-12
17
17
-9
13
-13
4
8
9
-21
14
-20
14
13
-1
-12
-12
-15
5
-15
-11
11
3
17
14
4
-9
15
14
3
30
28
-3
-48
-24
-12
24
36
8
10
-8
37
8
9
-16
9
-11
21
53
-28
-26
-11
-15
-21
-12
0
4
35
6
34
3
-2
20
-4
-7
-64
-2
-1
-9
10
-10
16
-2
11
10
-7
6
16
-6
-11
24
-47
-40
4
1
-9
-10
-10
6
-2
-15
24
-12
0
12
8
-13
0
-3
8
14
13
6
-6
-19
12
-7
6
19
15
-19
-18
-10
-6
5
-13
16
-4
-16
-19
-18
-12
-7
7
12
8
-13
5
6
8
2
-19
3
7
14
13
-15
-6
8
-8
15
-4
1
8
18
6
-5
-16
-16
-16
13
8
7
17
2
-3
4
5
-66
-2
-20
-4
-25
40
-83
19
27
0
-15
-77
-11
-22
0
-75
1
24
12
30
-16
-16
12
-12
2
21
5
-60
36
-1
-5
-6
11
-16
-18
-57
-16
-20
8
11
-9
16
-17
8
-22
-14
15
15
-17
10
34
-37
-26
-7
-10
-29
12
-4
-15
20
-3
49
-15
10
3
3
-12
-15
-1
-15
-14
-17
6
-17
12
14
7
-8
-3
6
12
-12
12
3
-10
-5
1
3
16
-5
-13
-12
-10
4
-5
-7
6
19
-20
21
-3
13
12
13
12
-12
15
-11
-12
-14
-2
-12
12
15
1
6
-2
16
1
12
-32
-20
6
-3
-12
21
-19
1
18
6
3
-7
13
-7
7
-4
-13
6
7
-15
3
-22
8
-7
-1
14
-7
7
13
-2
-13
0
13
-11
-9
-8
1
-15
0
-9
-10
16
4
-11
18
2
18
1
2
-5
16
-3
-4
6
0
8
8
4
0
-12
12
17
-15
-9
-18
12
5
-18
-7
-3
5
0
-4
17
18
-5
-14
13
-11
-8
2
-2
2
12
2
2
15
11
18
-18
17
-11
-7
-3
-10
-11
-17
-5
10
7
16
6
10
-8
0
-19
-18
-6
7
-1
0
0
2
-1
8
-9
13
5
-3
10
-19
13
17
13
9
-11
-10
3
-9
7
-1
-12
-19
-7
-9
-1
0
17
-4
1
4
-22
2
10
3
-15
0
-5
-19
3
10
1
0
-14
9
2
-17
-8
4
2
18
3
14
6
-18
10
8
16
-67
32
-3
31
-13
50
-77
42
22
-15
-22
-71
23
-27
2
-71
-8
23
-8
28
7
-13
6
-4
-22
22
18
-69
29
-15
7
0
-23
-22
0
-3
3
19
-61
-13
-27
26
-22
-54
37
-6
-29
-48
-30
-45
-56
-15
17
-14
-13
38
7
34
44
-82
-8
-39
-13
-7
-46
-32
-1
53
-16
48
-64
8
-27
-5
7
-87
49
-5
12
-37
-12
-21
-20
7
-9
11
12
35
-9
40
19
-68
-11
-48
16
15
-115
0
-21
-10
-2
-11
-115
26
8
3
-8
-92
7
8
18
-103
-21
24
-1
13
-17
16
-7
-9
6
-20
-14
-81
-1
-14
-4
9
-1
9
12
-38
-7
3
12
31
-4
-16
1
7
-18
-2
14
1
15
0
16
-37
-26
-1
13
-30
-22
-29
13
2
24
43
-16
-16
-53
19
9
-7
13
-21
-53
36
31
17
-3
-54
8
14
10
-56
-18
13
1
-18
-20
-20
-5
20
3
-6
5
-11
12
7
11
-15
-27
13
4
16
-20
10
-10
-18
-33
12
10
-26
34
-2
-20
-19
14
-22
-8
32
9
-13
-20
34
-12
15
29
-5
32
17
-11
-2
-35
7
-5
24
-27
14
-43
12
8
-19
10
-31
6
18
-14
-41
-1
18
8
8
-12
-12
4
-21
-27
6
18
-62
36
14
-10
-13
12
-20
-5
-11
-14
6
-10
-8
-11
-5
-3
0
7
13
-12
-7
16
-13
10
-12
4
-16
-17
1
0
1
16
8
-8
11
4
-2
8
-13
-23
-50
-25
-1
30
-6
-11
-14
-3
8
10
11
-15
3
-16
5
58
-41
-40
-17
-22
-4
-12
2
10
3
-20
37
-14
-6
7
-9
-4
40
-3
20
-2
-8
-21
-11
4
0
31
-14
0
4
19
-3
-8
43
38
-16
-6
24
7
61
10
4
-14
-8
10
-15
-37
-4
-21
15
-9
8
-87
9
13
0
-4
-55
10
5
-18
-56
-18
20
11
-3
-21
-9
-21
9
-10
-4
8
-36
28
-7
8
-17
16
24
-18
-55
-9
-18
-7
12
6
-18
-11
29
-12
-20
2
27
-9
30
50
-49
-16
-20
-14
8
-30
-20
10
-2
1
29
1
5
-84
7
-23
4
-17
29
-128
38
22
-2
-16
-96
-7
3
16
-113
-16
37
-4
20
-17
13
6
11
-28
-1
-20
-72
34
-20
-15
1
-81
4
-6
20
-19
-2
-52
17
-2
-1
3
-87
25
-3
2
-35
-3
33
-13
-9
15
10
12
5
-6
-20
0
-69
18
-12
-16
-18
-61
21
10
21
-29
21
-44
-4
14
-14
3
-81
-13
-2
-12
-39
-1
27
1
-9
12
1
9
-20
-33
-24
11
-76
9
-11
0
-3
-13
5
-12
-12
-2
20
-6
19
-3
-18
-8
23
6
-9
7
8
1
6
-5
-19
-7
14
4
15
22
16
-6
-1
19
-12
6
16
-78
24
-8
24
-22
31
-73
19
8
-13
-5
-104
7
-5
11
-84
10
32
13
14
-10
-17
-20
15
-19
-19
6
-68
13
9
2
-21
-23
-5
-17
1
11
-1
-4
14
0
9
-15
-20
-3
8
14
-7
-2
-9
1
9
-10
14
7
3
5
-13
0
11
15
5
11
2
32
14
0
-43
1
-12
23
28
12
-13
-1
40
-13
-15
-5
21
4
0
69
-34
10
-21
-1
9
-11
-21
13
29
-4
65
14
-1
-5
-9
6
-64
8
11
12
-10
-8
21
18
5
-10
-15
-14
-8
9
0
47
-19
-28
5
11
-31
-16
4
6
4
1
29
-5
-7
-10
1
6
16
-17
-10
14
19
-4
2
-20
-17
7
-12
-2
-6
10
-18
-17
0
15
4
7
-8
9
-9
-6
-18
-1
11
-4
-15
-17
2
-13
-16
-4
16
4
8
6
16
-2
7
2
8
17
-2
-15
-13
14
8
-19
7
-16
-2
13
-17
10
-3
-3
18
1
-17
-86
32
9
9
-20
22
-75
10
-5
-29
-8
-124
4
-5
3
-67
-5
22
12
5
17
-6
-2
20
3
-12
-8
-119
15
1
-9
8
27
21
5
-13
-14
2
17
16
3
11
-7
39
-9
-16
-20
0
10
0
48
-7
16
3
-16
-17
-2
-18
4
32
-14
38
5
3
-13
-4
-2
2
-16
-9
-15
5
5
9
-3
1
9
9
-10
-10
13
-1
-7
5
12
-2
5
-15
-3
4
19
4
-1
11
-2
8
-8
-8
2
24
9
1
-1
12
-3
3
14
5
6
-6
15
-12
5
-6
-2
-15
-17
-5
-9
2
-5
12
-3
-13
-3
0
-14
-3
-15
-10
16
-6
1
-9
-12
6
-14
17
11
-16
8
-6
-4
11
-20
-8
-3
3
-16
16
3
-14
6
6
-15
7
6
9
6
-9
8
-18
-4
-13
-9
-16
4
-19
14
-14
-11
-9
-9
-18
7
17
2
-12
17
-12
-22
-15
-2
3
6
-10
3
3
-10
12
-18
-16
-4
1
11
8
2
8
8
-16
-6
-12
14
16
-1
17
2
-12
6
18
-20
15
0
-11
-17
-13
0
17
-4
8
13
-18
-16
5
14
4
11
10
13
-9
4
-19
-4
10
-6
0
14
-6
3
12
12
6
10
18
-14
19
6
-8
11
18
-15
-17
-6
-12
-17
12
9
-21
-18
-5
0
8
6
11
-6
3
16
6
12
-5
13
-5
-10
11
4
14
-2
-17
-3
-1
11
25
-14
-8
6
-16
-18
-2
-97
18
-7
2
-14
23
-115
41
16
-11
5
-128
14
5
-8
-104
-10
45
-5
4
21
8
-25
23
-35
0
9
-128
24
-9
3
-5
-26
-3
-12
19
0
4
-12
-20
-34
12
4
-23
53
-18
0
-55
-4
-26
-50
33
4
-21
-4
38
3
61
30
-54
5
-56
-13
-4
-87
-38
5
60
-19
19
-75
-6
-20
-8
-19
-75
54
-33
-18
-101
7
-14
-54
27
-20
-17
-5
20
-9
46
-8
-80
-23
-47
10
-19
-18
16
-22
7
-6
45
-4
17
11
9
13
-3
-9
-14
10
-1
-10
16
-11
1
-6
-11
-1
16
-15
-21
-2
12
21
2
-23
0
-6
15
-7
-39
-8
9
6
20
11
-2
-8
29
-20
-12
14
-13
-21
18
17
-32
-1
-15
-10
-10
-31
-8
-4
16
17
9
-15
14
-17
-3
5
-36
2
33
-54
10
-1
-3
-8
-35
6
8
-20
-61
-15
34
16
-12
-13
13
-21
1
-1
-20
-5
-38
32
15
-23
12
-48
7
-14
32
-7
22
-48
11
-43
0
-18
-42
47
11
-2
-48
3
-8
-32
33
-7
-1
6
18
4
18
30
-35
13
-4
-18
8
-70
6
-16
28
-14
26
-64
29
12
-21
16
-96
1
-14
18
-60
-19
40
-3
1
0
0
-17
-8
-28
10
1
-125
25
-16
2
-14
-2
-25
1
-2
-1
-23
16
-2
-18
-16
-13
2
19
-22
-5
16
-12
-10
10
-14
13
18
17
-18
10
4
-15
-12
-2
11
-17
19
10
-7
-6
-34
-5
8
29
25
2
15
-8
36
-22
-11
2
25
12
7
49
-24
17
12
-26
-30
-6
-4
24
21
-18
51
9
-5
22
-26
3
25
-6
18
-4
-4
-1
-18
1
2
17
0
-16
4
18
-1
-24
37
7
-12
-20
12
-14
30
31
-4
10
-7
5
-18
-82
27
6
29
-20
24
-74
21
-10
-15
-18
-80
6
17
-6
-92
-13
12
-11
5
13
-6
-21
22
-10
2
-1
-95
23
2
2
-21
20
26
-18
-16
-20
0
4
11
-9
4
2
27
-5
-6
-11
5
-15
3
62
-32
3
5
-2
-8
-16
-19
14
26
4
48
-23
3
-99
13
0
26
-7
21
-111
19
-3
-14
-18
-123
-6
3
-17
-77
-7
14
6
18
10
12
-10
-7
-30
-15
-8
-127
10
10
-8
-17
