-10
-9
9
-33
-9
16
-4
11
13
-1
-8
22
-37
-6
-9
-17
-3
-9
-25
19
-22
-16
-34
-19
-11
2
-17
0
12
-17
2
-4
-29
-11
-6
-5
-1
-5
-15
-26
-40
-15
-36
-7
11
-17
-7
-1
-9
25
13
-15
0
25
7
-22
-5
-8
10
9
-13
18
2
-19
-20
-10
17
2
10
10
-16
13
2
-14
8
-6
-4
13
-11
-7
9
1
-13
9
17
6
19
-6
13
12
-14
13
-14
-5
-5
-2
-13
-32
-18
-9
-8
-8
11
-24
-34
-13
-16
-13
-2
-16
37
-19
17
19
8
-24
-9
-6
-9
-14
-4
46
-15
1
-27
11
5
-24
-16
13
4
-16
16
11
14
-16
-10
20
7
-19
-20
-6
11
9
9
11
-18
-13
-4
12
-10
20
-17
-7
-14
10
-11
-14
-3
-8
-9
-60
-34
-9
-30
-35
-18
-30
-24
-37
-39
-1
-1
-51
-5
16
10
-2
-8
-25
7
9
1
-72
-25
-7
-18
-17
-63
-24
16
-38
14
12
-12
-34
16
16
-18
13
4
14
11
20
-37
-4
0
-10
-42
-9
-26
4
-9
-28
-17
-4
17
-5
-44
-4
22
-12
-23
10
-22
-23
-28
1
-38
-32
14
-17
-28
-25
-42
-11
12
-22
18
-15
-15
26
12
-10
1
5
6
-11
-29
13
-23
-16
-34
4
9
-34
-10
-24
-3
-13
4
-29
-20
-26
-33
-4
-33
1
18
4
-7
-16
13
-9
-15
1
-6
-3
-19
12
-21
-22
-5
2
-19
17
13
-15
-26
0
-20
-17
-4
-11
-11
5
-9
-20
-33
-13
-28
-34
17
-15
-10
-11
-26
-27
-9
-22
-38
-37
-7
16
-7
-10
-24
-26
0
-9
-3
-16
-9
15
-7
21
15
-13
12
7
16
1
3
-14
-5
-17
13
8
7
20
-3
15
4
17
14
-19
-17
-1
8
17
-2
-9
-15
25
25
-32
29
3
-16
25
2
25
-1
-13
-14
11
-22
-3
1
-27
-5
10
-25
-3
-40
6
9
-1
-47
-7
24
9
-38
10
-21
10
-14
2
-13
19
10
10
-15
17
-7
-31
-27
14
22
1
-6
22
-13
19
-15
25
-17
3
-5
34
-14
15
11
-15
-30
-11
-2
-15
-10
-3
16
-8
17
3
7
-4
7
-12
-2
12
-8
-5
9
-26
-9
-13
-9
-33
10
-7
-16
18
15
1
15
5
-3
22
-16
-17
12
-12
7
-1
3
-2
-5
5
4
-17
14
-13
-13
3
-20
-3
-14
-10
-5
3
1
10
-23
-19
17
3
-6
18
6
2
-22
10
-4
-27
19
-13
12
19
7
-6
10
-6
-19
2
7
-19
-31
7
-3
2
-32
-17
-35
-8
-2
-6
-18
16
-5
-13
-19
12
10
2
-12
7
-11
19
-18
-8
3
-17
3
1
-8
16
1
-13
-1
13
14
3
-1
4
7
-18
-15
5
19
8
8
-13
-2
9
-26
-34
-26
9
-24
-19
2
-6
-10
-40
-29
-27
7
8
-18
7
-8
25
-6
-29
8
20
-1
-6
-2
-7
8
-11
-35
10
-24
-14
-33
21
21
23
3
6
-2
1
14
16
11
1
27
14
0
-18
23
-23
4
19
5
-15
29
14
11
-10
25
-9
24
-11
20
22
-19
-20
-35
-21
-37
-39
-15
-38
-37
-24
-43
-20
-3
-22
12
-1
-1
6
4
-18
-3
-4
2
0
-46
33
0
4
-32
-14
-13
-48
5
-33
-32
-13
-8
-14
-14
-25
-17
-52
-38
23
11
-42
8
-24
-6
18
10
-35
-24
8
1
-36
-29
8
16
-27
-16
14
10
-18
12
5
-7
10
2
4
7
19
-6
-7
11
-16
-17
-15
4
-7
-6
9
-14
5
-7
-9
16
-16
-17
-3
-18
-13
-8
-18
-2
-5
5
19
13
10
19
-14
-10
13
-16
9
11
-2
-10
-8
-5
11
-16
14
-17
19
-7
13
-6
11
17
16
-1
-12
10
-22
-5
16
-25
0
14
-26
-2
7
5
17
-4
19
18
-31
-18
-16
33
-19
-3
23
-3
13
-10
4
-4
-28
-20
33
-9
-14
-10
4
-8
9
4
-17
-15
-36
-5
13
-12
-7
5
-12
-10
19
-9
-3
11
3
-20
-15
14
1
-14
-4
12
-23
-28
1
8
-14
-14
6
-8
-11
-43
11
16
1
8
-9
-1
-8
12
-12
-5
-26
-35
5
20
-17
-36
0
-35
22
-35
3
-33
-17
11
16
-14
-5
-8
4
-29
3
-28
-25
2
-17
-7
6
-16
-15
-17
-21
-19
-17
-6
5
30
-26
-32
11
-10
-7
-10
15
-3
-16
-18
28
-4
13
-8
-28
-19
12
-13
14
18
-2
26
6
0
17
2
10
3
-10
-36
16
10
8
-40
-36
3
6
-30
-3
-40
6
28
-12
-15
-12
-7
-13
-27
28
15
-16
-23
14
-16
-31
-15
-16
-22
-30
-35
-9
13
-22
-9
-18
4
-5
-17
-16
6
17
8
-21
-14
-10
4
-11
-50
-15
6
-29
-35
-3
-10
4
14
18
-17
16
-7
8
19
-7
8
-12
-16
-5
9
-5
-14
-14
19
-28
28
1
-4
1
24
-13
18
-1
17
-7
-17
-7
11
9
-12
8
8
-14
9
17
14
3
8
11
4
7
-7
1
-5
6
11
17
-14
-1
2
12
-12
10
-16
-8
11
-6
2
-11
-13
-6
20
-7
-7
10
-3
4
-3
-1
10
-15
-4
-17
-21
-16
-1
9
-2
-10
7
6
-3
-3
13
-3
-10
5
-11
4
