2
14
12
48
17
12
0
17
6
17
12
0
77
3
0
2
83
0
0
9
57
26
97
3
8
0
43
0
23
0
104
14
7
3
2
31
3
2
0
3
1
3
2
0
60
0
0
4
71
0
0
2
55
64
64
1
1
0
16
0
4
0
99
2
4
47
35
36
45
35
0
46
19
47
37
0
42
14
0
0
38
0
0
25
21
5
58
16
24
0
48
0
69
0
39
39
5
42
32
35
41
33
0
42
18
43
33
0
41
13
0
0
34
0
0
23
20
7
53
15
22
0
43
0
63
0
36
36
5
62
46
38
61
46
0
62
25
61
46
0
43
18
0
0
39
0
0
33
22
6
60
19
32
0
50
0
88
0
41
52
2
6
5
56
7
5
0
7
2
7
5
0
88
1
0
2
92
0
0
3
65
30
107
1
3
0
43
0
10
0
118
5
16
29
28
15
44
14
0
45
12
26
3
1
14
13
0
0
4
0
0
22
6
19
9
0
22
0
4
0
24
0
6
27
4
47
34
40
44
34
0
44
18
45
35
0
47
13
0
0
41
0
0
24
24
5
63
16
23
0
53
0
66
0
43
37
8
35
26
33
33
26
0
33
14
35
27
0
37
10
0
0
30
0
0
19
18
10
47
12
18
0
38
0
51
0
32
29
1
18
15
61
21
14
0
21
7
20
14
0
92
4
0
1
96
0
0
11
66
20
118
4
10
0
54
0
27
0
120
17
