2
27
0
23
0
41
1
57
8
2
0
3
18
0
0
1
0
48
34
8
4
0
0
13
0
21
16
2
36
22
0
0
0
32
0
45
0
58
0
68
9
2
0
1
31
0
0
0
0
56
14
18
7
0
0
20
0
34
22
0
48
8
0
0
5
13
0
13
0
21
3
31
4
5
0
7
15
0
0
3
0
24
34
5
4
0
0
11
0
18
13
5
15
24
0
0
5
14
0
16
0
23
3
32
4
5
0
7
17
0
0
3
0
25
31
6
4
0
0
13
0
20
14
5
17
21
0
0
7
17
0
10
0
21
5
37
5
3
0
10
9
0
0
4
0
30
41
4
2
0
0
6
0
10
9
8
18
30
0
0
1
31
0
27
0
47
1
65
10
2
0
1
19
0
0
1
0
56
32
9
4
0
0
13
0
21
17
1
42
20
0
0
9
18
0
10
0
20
6
40
5
2
0
13
6
0
0
5
0
34
46
3
1
0
0
4
0
6
8
9
19
34
0
0
5
14
0
12
0
21
3
33
4
4
0
7
15
0
0
3
0
26
35
5
4
0
0
11
0
17
13
5
17
25
0
0
4
13
0
19
0
25
2
31
3
6
0
5
22
0
0
2
0
24
25
8
6
0
0
16
0
25
16
4
17
18
0
0
3
32
0
20
0
42
2
66
11
1
0
4
12
0
0
2
0
58
42
6
2
0
0
7
0
12
13
3
40
28
0
0
